null control: perturb_1e-2
configuration         speedup   PSNR      style dev  median    p90  >0.5   vs noise (paired)   sharp  noise  contr  color motion  flick   jerk
perturb_1e-4             1.00   21.8   0.080+-0.015   0.050  0.145     0 -0.001+-0.014 within   -0.06  -0.02  +0.00  -0.01  -0.00  -0.03  -0.00
perturb_1e-2             1.00   21.4   0.081+-0.011   0.065  0.121     0                       -0.04  -0.02  +0.00  +0.01  +0.04  +0.09  -0.01
pab_2                    1.08   26.6   0.059+-0.005   0.054  0.090     0 -0.022+-0.012 within   +0.02  -0.01  +0.00  +0.02  +0.05  +0.10  -0.01
ada_slow30_x4            1.15   34.7   0.051+-0.013   0.026  0.078     0 -0.031+-0.017 within   -0.02  +0.02  -0.01  -0.02  -0.01  -0.09  +0.01
ada_fast30_guard0.05     1.18   24.8   0.053+-0.006   0.045  0.098     0 -0.028+-0.012 below   -0.01  -0.01  +0.00  -0.02  +0.00  +0.02  +0.00
wc_0.02                  1.21   27.0   0.045+-0.005   0.036  0.077     0 -0.036+-0.012 below   +0.00  -0.01  +0.00  +0.01  +0.02  +0.07  +0.00
cfg_trunc_0.6            1.22   30.8   0.040+-0.004   0.040  0.065     0 -0.041+-0.012 below   +0.02  +0.00  -0.00  +0.01  -0.09  -0.05  +0.02
fbc_0.05                 1.24   21.5   0.089+-0.014   0.059  0.144     0 +0.007+-0.018 within   -0.05  -0.01  -0.01  -0.03  -0.04  -0.12  -0.01
taylorseer_3             1.35   14.5   0.291+-0.028   0.230  0.496     4 +0.209+-0.031 BEYOND   -0.06  -0.10  +0.04  +0.11  +0.18  +0.62  -0.00
cfg_trunc_0.4            1.37   25.9   0.058+-0.006   0.045  0.091     0 -0.024+-0.012 within   +0.02  -0.00  -0.00  +0.02  -0.03  +0.04  +0.01
steps_20                 1.43   13.3   0.332+-0.030   0.319  0.499     4 +0.251+-0.026 BEYOND   -0.18  -0.18  -0.06  +0.04  +0.25  +0.32  +0.02
cfg0.4+pab_2             1.44   26.3   0.057+-0.006   0.047  0.090     0 -0.025+-0.013 within   -0.00  +0.01  -0.01  -0.00  -0.06  -0.01  +0.00
ada_slow30_x2            1.47   21.2   0.318+-0.053   0.203  0.621     8 +0.237+-0.053 BEYOND   -0.33  -0.04  -0.04  -0.12  +0.66  +0.52  -0.05
wc_0.04_warp             1.50   19.1   0.131+-0.017   0.096  0.252     0 +0.049+-0.018 BEYOND   +0.07  +0.03  +0.01  +0.01  +0.08  +0.17  -0.01
ada_fast30_guard0.1      1.54   17.7   0.197+-0.023   0.168  0.340     1 +0.115+-0.025 BEYOND   -0.07  +0.01  -0.04  -0.08  -0.00  -0.13  -0.01
ada_slow30_guard0.15     1.58   19.2   0.294+-0.050   0.176  0.542     7 +0.212+-0.050 BEYOND   -0.49  -0.07  -0.10  -0.12  -0.15  -0.24  -0.03
wc_0.04                  1.65   19.2   0.126+-0.016   0.097  0.246     0 +0.045+-0.018 BEYOND   +0.07  +0.03  +0.01  +0.01  +0.08  +0.16  -0.01
ada_slow30               1.73   18.5   0.318+-0.057   0.177  0.527     8 +0.236+-0.058 BEYOND   -0.45  -0.10  -0.08  -0.04  +0.35  +0.35  -0.05
fbc_0.1                  1.73   14.6   0.296+-0.039   0.235  0.501     5 +0.214+-0.039 BEYOND   -0.26  -0.08  -0.04  -0.10  +0.14  +0.24  -0.00
ada_fast30_x4            1.77   19.1   0.380+-0.054   0.327  0.830    10 +0.298+-0.053 BEYOND   -0.50  -0.12  -0.05  -0.16  +0.70  +0.57  -0.05
ada_fast30_guard0.15     1.85   15.0   0.314+-0.035   0.236  0.544     7 +0.232+-0.031 BEYOND   -0.47  -0.06  -0.07  -0.23  +0.13  +0.14  -0.02
ada_slow30_x0.5          1.96   13.6   0.392+-0.043   0.279  0.668     9 +0.310+-0.042 BEYOND   -0.45  -0.11  -0.14  -0.21  +0.14  +0.18  -0.00
ada_slow30_x0.25         1.98   13.1   0.464+-0.044   0.398  0.626    11 +0.382+-0.042 BEYOND   -0.50  -0.16  -0.17  -0.23  +0.19  +0.51  +0.00
cfg0.6+wc_0.04           1.99   19.4   0.125+-0.016   0.105  0.226     0 +0.043+-0.018 BEYOND   +0.08  +0.05  -0.00  -0.01  +0.02  +0.12  -0.01
ada_fast30_x2_moreg      2.13   14.5   0.544+-0.058   0.599  0.895    19 +0.462+-0.061 BEYOND   -0.83  -0.20  -0.13  -0.06  +0.61  +0.58  -0.05
ada_fast30_x2            2.14   14.1   0.647+-0.071   0.592  1.082    19 +0.565+-0.069 BEYOND   -1.08  -0.38  -0.22  -0.37  +0.92  +0.92  -0.04
cfg0.6+ada_fast30_guard0.15     2.21   15.0   0.318+-0.034   0.248  0.552     6 +0.237+-0.029 BEYOND   -0.41  -0.05  -0.07  -0.21  +0.06  +0.10  -0.02
ada_fast30_guard0.25     2.22   12.8   0.522+-0.044   0.445  0.860    12 +0.440+-0.041 BEYOND   -0.92  -0.13  -0.29  -0.45  -0.03  +0.06  -0.04
wc_0.08                  2.40   13.4   0.429+-0.035   0.425  0.644    13 +0.347+-0.033 BEYOND   -0.11  -0.01  +0.00  +0.01  +0.50  +0.78  -0.04
ada_fast30               2.51   11.1   0.775+-0.089   0.621  1.495    20 +0.694+-0.089 BEYOND   -1.21  -0.51  -0.30  -0.38  +0.63  +1.11  -0.02
ada_fast30_moreg         2.53   11.9   0.748+-0.079   0.750  1.191    21 +0.667+-0.078 BEYOND   -1.31  -0.63  -0.31  -0.24  +0.59  +1.08  -0.02
